clear,clc
tic()
mutrue1 = [5.79915385968775	5.99627430489731	12.1944161340504	5.62038249544666	8.38833788423908	9.78833788423908	6.10514068923083	6.05115258380067	3.76795538879242	8.38833788423908	3.76795538879242	7.73693904495040	9	6.01230813732235	5.75283048184243	1.63725182326768	3.46762390460374	3.46019704468796	7.22060010720488	7.53223037463755	7.53223037463755	5.75283048184243	3	2.10604128087911	3	3	3	2.34640778239441	2.53826447425377	3	3.19292978182344	4.05547684060558	1.91761016061414	3.25722269748034	3.09542219839892	3	3.40000000000000	3	3.40192552796536	3.44925786090260	3.48498600597299	3.53388361434834	3.71531880485121	3.45503217830916	3.25503217830916	4.05547684060558	3.78652851022760	3.28347205261750	2.21333345985730	3.59542219839892	3.20000000000000	3.39542219839892
0.817964717135068	1.01747668193865	0.855446142493716	1.01656113338344	1.02240608909335	2.42240608909335	1.01751846731351	1.01073257748975	1.00584495570991	1.02240608909335	1.00584495570991	8.07136532061024	9	8.98935232942304	8.99310048589945	5.58193155125526	7.19118099071618	6.92717584719682	8.99624252847220	8.99685795742725	8.99685795742725	8.99310048589945	3	3.19624604271853	3	3	3	2.35581798010097	2.69936016827225	3	2.92819670778479	3.00320086987048	2.99770016196648	3.39969323757032	2.70083499367284	3	3.40000000000000	3	3.31092821979552	3.43894285291902	3.46839753285171	3.20166764451480	3.04812246240094	3.45503217830916	3.25503217830916	3.00320086987048	3.20219587575797	3.23098939910109	2.27878829885416	3.20083499367284	3.20000000000000	3.00083499367284];

mutrue = reshape(mutrue1,1,104);
datamu1 = mutrue1(1,:);   datamu2 = mutrue1(2,:);   

dataweight = [0.303000000000000
0.697000000000000];
datasigma(:,:,1) = [0.0100204238378518	2.30380048063091e-05	0.000160141756283014	0.000351890134103089	0.000128082578793033	0.000124871914148400	8.33740536383073e-06	0.000123919794964063	4.21993679232952e-06	0.000124871914148400	7.27873807599879e-06	-6.38341025451698e-06	0	-7.72050337632515e-05	-7.96625710616478e-05	-8.56206227299320e-05	-8.51872449927257e-05	-3.57368351430486e-06	-2.71281650935469e-06	-7.69499088246858e-05	-7.69499088246858e-05	-8.07457354481625e-05	0	-1.10829770928568e-06	0	-5.04949351805042e-09	0	-2.63743361659704e-09	-1.84150655289503e-06	0	2.45366991435533e-06	1.78388448783429e-05	-2.65542417780135e-05	-1.80414107381888e-06	6.55876629220766e-07	0	0	0	1.12604451231928e-06	6.81389513678133e-08	6.98972404455447e-08	1.36017026333852e-07	2.15075411147254e-05	0	0	1.78862899618843e-05	-1.06527593429509e-06	1.98605692997107e-08	-8.29301288159434e-08	6.02848113189932e-07	0	6.02848113189932e-07
2.30380048063091e-05	0.0100256689893052	0.000170447287638555	0.000461185895586091	0.000237518782182733	0.000234308343481649	0.000237040932032637	4.79273073571002e-06	4.36019265412009e-06	0.000234308343481648	7.41877868129510e-06	-2.47177127283852e-06	0	-3.89311930117628e-06	-3.08088692570594e-06	-1.38049925598977e-05	-1.32906362498099e-05	-0.000150603045985171	-2.80298099193435e-06	-2.78060195307812e-07	-2.78060195307812e-07	-3.08134415260410e-06	0	-5.01162440142983e-05	0	-5.04913817091548e-09	0	-1.93832834005493e-07	-3.40319835418923e-06	0	7.90596821220480e-06	3.34726204973784e-05	-1.02701372908072e-06	-1.01013808774026e-07	6.75909413242749e-07	0	0	0	2.26134933051201e-06	1.34117476231761e-07	2.63339365568757e-07	3.27879446779912e-05	8.24624612986919e-06	0	0	3.35200622420751e-05	3.33098155340914e-05	2.12468184325681e-06	-8.47713140921165e-08	6.22884664874299e-07	0	6.22884664874299e-07
0.000160141756283014	0.000170447287638555	0.0103448181267811	0.000238731883554672	0.000385805255805713	0.000150566437237817	0.000380339391906906	0.000145745530779935	0.000143599822926681	0.000150566437237817	0.000367711924265905	-1.73146413222703e-06	0	-1.04874436587217e-05	-9.36822522793327e-05	-0.000125318039431455	-0.000103467110430252	-0.000101193046468413	-9.23141718814377e-05	-1.37938361994927e-06	-1.37938361994927e-06	-9.36941689716720e-05	0	-3.18044420109777e-05	0	-3.69966041622543e-07	0	-2.33204141064976e-08	-3.25785164295490e-06	0	5.12959685306965e-06	2.15094910339738e-05	-3.12311851671290e-05	-2.12697036548828e-06	2.43624931794652e-05	0	0	0	2.05167606252915e-06	1.62859446958546e-07	1.78406389696211e-07	6.88700922554523e-07	5.65279527650703e-06	0	0	2.49856950709771e-05	1.90759909751635e-05	2.42670307906502e-07	-1.92657347849325e-06	2.05142604180973e-05	0	2.05142604180973e-05
0.000351890134103089	0.000461185895586091	0.000238731883554672	0.0100294724869196	2.49471595532784e-05	2.48354972576726e-05	1.93097114305822e-05	9.04137518571161e-06	3.40550306245322e-06	2.48354972576726e-05	3.51188376892391e-06	-6.93614905833824e-07	0	-3.99239420593392e-06	-5.81230725401424e-06	-7.34226480742913e-06	-7.17524558002804e-06	-1.24859158334158e-05	-2.18925196871993e-06	-3.62306065066611e-06	-3.62306065066611e-06	-5.82523966889804e-06	0	-4.11420538594590e-06	0	-1.75614117411707e-10	0	-2.26087426204658e-08	-4.54310986880669e-07	0	9.44420169546171e-07	3.54792817966751e-06	-1.93743753979535e-06	-1.53092588358917e-07	4.88362253554632e-07	0	0	0	2.93025966597504e-07	2.09069568971172e-08	3.59794519774278e-08	2.25630315313728e-06	1.90185751565759e-06	0	0	3.54957825139092e-06	2.58971100227168e-06	1.99788039983407e-07	-4.77665585260367e-08	4.86500437493317e-07	0	4.86500437493317e-07
0.000128082578793033	0.000237518782182734	0.000385805255805713	2.49471595532784e-05	0.0100244330390879	2.11134828072308e-05	2.13910404303264e-05	1.03644885302779e-05	7.36934202455106e-06	2.11134828072308e-05	1.05318844064143e-05	-5.89566662813215e-07	0	-2.44956667248531e-06	-6.66272597911562e-06	-8.67562976107427e-06	-8.01395986635110e-06	-1.20261934795581e-05	-4.73743415863997e-06	-1.92545132511009e-06	-1.92545132511009e-06	-6.67582089900566e-06	0	-3.88250063603658e-06	0	-5.22075014909816e-09	0	-1.97345190733816e-08	-4.50358127533676e-07	0	9.27302201352458e-07	3.01621182960440e-06	-2.22096182791669e-06	-2.01013636811409e-07	1.10760688092140e-06	0	0	0	2.86101404092615e-07	2.27254046208857e-08	3.58817506698067e-08	1.53557061099328e-06	1.46906086544021e-06	0	0	3.06526604189072e-06	2.38732012054631e-06	1.64645524243954e-07	-1.26230523816127e-07	1.05276314636444e-06	0	1.05276314636444e-06
0.000124871914148400	0.000234308343481649	0.000150566437237817	2.48354972576726e-05	2.11134828072308e-05	0.0143733494820821	1.81097868333285e-05	7.11829186149139e-06	4.16144803946179e-06	1.77939265265357e-05	7.32399042132499e-06	-0.000191032517606104	0	-2.37673765991511e-06	-4.57588526346717e-06	-6.30254603373577e-06	-0.00280578500473001	-0.000287071963677199	-2.67521659679687e-06	-1.90082817130474e-06	-1.90082817130474e-06	-4.58898018335721e-06	0	-3.17937486525132e-06	0	-5.22075014909816e-09	0	-0.00102094282572837	-4.02986653970174e-07	0.00466666666666667	0.000550330338434399	2.54198950379082e-06	-1.52534825603387e-06	-1.54603929514990e-07	6.49336311622932e-07	0	0	0	0.000536421095265408	4.75940037337314e-05	0.000106000331997092	0.000623747312888657	0.000571954891083620	0.000675976069982179	5.37538477599569e-05	2.59104371607714e-06	1.96497931398589e-06	0.000645910814090334	-0.000166738979955658	0.000622816714799288	0.000622222222222222	5.94492577065970e-07
8.33740536383073e-06	0.000237040932032637	0.000380339391906906	1.93097114305822e-05	2.13910404303264e-05	1.81097868333285e-05	0.0100212061209197	7.38307021428261e-06	7.24446225225271e-06	1.81097868333285e-05	1.03705136545124e-05	-3.46958130375845e-07	0	-0.000147520392490415	-4.74610175927638e-06	-6.55513934269029e-06	-5.90266556364008e-06	-1.19236913820500e-05	-4.65715430501960e-06	-8.91051184477927e-08	-8.91051184477927e-08	-4.74627471207213e-06	0	-3.85096690099257e-06	0	-5.16051054937032e-09	0	-1.96604605994778e-08	-3.85468713390895e-07	0	8.44187022238757e-07	2.58711240476122e-06	-1.58208647448913e-06	-1.36866274005198e-07	1.08912826830388e-06	0	0	0	2.47601276270213e-07	1.96750524449741e-08	3.27820261779593e-08	1.53238808843513e-06	9.04737560074201e-07	0	0	2.63560060526212e-06	2.43044499332318e-06	1.64176614317930e-07	-1.23596893024106e-07	1.03492317889324e-06	0	1.03492317889324e-06
0.000123919794964063	4.79273073571002e-06	0.000145745530779935	9.04137518571160e-06	1.03644885302779e-05	7.11829186149139e-06	7.38307021428261e-06	0.0100069316762033	3.99607464306261e-06	7.11829186149139e-06	7.08872729805863e-06	-3.32942669401017e-07	0	-2.12288725568620e-06	-4.45592157955868e-06	-5.47236237922858e-06	-4.97438246584554e-06	-2.92850559834023e-06	-2.56890512768311e-06	-1.88717243158165e-06	-1.88717243158165e-06	-4.46900605165920e-06	0	-8.96290778839985e-07	0	-5.10537563141428e-09	0	-1.52509890907177e-09	-1.72768302193592e-07	0	2.86702900384135e-07	1.01689883735591e-06	-1.48535918642159e-06	-1.49627752757099e-07	6.24488369793772e-07	0	0	0	1.04053181134049e-07	9.08089515532135e-09	1.00976277613692e-08	2.66593797415211e-08	7.90528524346555e-07	0	0	1.06486898970424e-06	4.47899433136224e-07	1.29420929564483e-08	-7.98777539400915e-08	5.70867806151802e-07	0	5.70867806151802e-07
4.21993679232952e-06	4.36019265412009e-06	0.000143599822926681	3.40550306245322e-06	7.36934202455107e-06	4.16144803946179e-06	7.24446225225271e-06	3.99607464306262e-06	0.0100039164710232	4.16144803946179e-06	6.97263269859166e-06	-9.08338698367505e-08	0	-2.81808652346802e-07	-2.56875098842046e-06	-3.38536561776692e-06	-2.89454759196619e-06	-2.85756366008739e-06	-2.51773137205660e-06	-5.11737556265095e-08	-5.11737556265095e-08	-2.56891349342669e-06	0	-8.74680947056786e-07	0	-5.04513603168645e-09	0	-1.45734989127577e-09	-1.08547488094359e-07	0	2.05144185849051e-07	5.94492577065970e-07	-8.56301709227703e-07	-8.61354156443117e-08	6.12477778952670e-07	0	0	0	6.59625663540648e-08	6.05434216104205e-09	7.02590875522589e-09	2.36247709141684e-08	2.27899430654988e-07	0	0	6.41896717628881e-07	4.96985215726879e-07	1.25426421808174e-08	-7.78402729723452e-08	5.59495860457022e-07	0	5.59495860457022e-07
0.000124871914148400	0.000234308343481649	0.000150566437237817	2.48354972576726e-05	2.11134828072308e-05	1.77939265265357e-05	1.81097868333285e-05	7.11829186149139e-06	4.16144803946179e-06	0.0100177939265265	7.32399042132499e-06	-5.54159721375694e-07	0	-2.37673765991511e-06	-4.57588526346716e-06	-6.30254603373577e-06	-5.78500473001213e-06	-9.79010141787024e-06	-2.67521659679687e-06	-1.90082817130474e-06	-1.90082817130474e-06	-4.58898018335721e-06	0	-3.17937486525132e-06	0	-5.22075014909816e-09	0	-1.92874831569186e-08	-4.02986653970174e-07	0	8.17023984427337e-07	2.54198950379082e-06	-1.52534825603387e-06	-1.54603929514991e-07	6.49336311622932e-07	0	0	0	2.57086694252259e-07	2.10391912943914e-08	3.38975133990038e-08	1.52509066643491e-06	1.34902302769073e-06	0	0	2.59104371607714e-06	1.96497931398589e-06	1.59724222879468e-07	-8.39922740387591e-08	5.94492577065970e-07	0	5.94492577065970e-07
7.27873807599880e-06	7.41877868129510e-06	0.000367711924265906	3.51188376892391e-06	1.05318844064143e-05	7.32399042132500e-06	1.03705136545124e-05	7.08872729805864e-06	6.97263269859166e-06	7.32399042132500e-06	0.0100100287943740	-1.24566074818333e-07	0	-3.51192877046335e-07	-4.55688483806076e-06	-5.64620328063865e-06	-5.01807389785776e-06	-4.98788931715233e-06	-4.48240673480894e-06	-7.46322425144783e-08	-7.46322425144783e-08	-4.55704734306699e-06	0	-1.54454910468386e-06	0	-5.04513603168645e-09	0	-1.88324115880787e-09	-1.53678306844785e-07	0	3.10206280096471e-07	1.04628434590357e-06	-1.51901299244114e-06	-1.30349959349549e-07	1.04907230400874e-06	0	0	0	9.36048901493331e-08	7.66079816268094e-09	8.91629226855286e-09	3.36090176094803e-08	3.42259518934755e-07	0	0	1.09368848646648e-06	8.99349443773028e-07	1.72311676411688e-08	-1.18080667700245e-07	9.96090385513096e-07	0	9.96090385513096e-07
-6.38341025451698e-06	-2.47177127283852e-06	-1.73146413222703e-06	-6.93614905833824e-07	-5.89566662813215e-07	-0.000191032517606104	-3.46958130375845e-07	-3.32942669401017e-07	-9.08338698367505e-08	-5.54159721375695e-07	-1.24566074818333e-07	0.0117508634059548	0	1.69632228067040e-07	2.14032871883310e-07	2.82903796505586e-07	5.72779665632349e-05	9.97269636673677e-06	5.83932020379110e-08	1.55641371148457e-07	1.55641371148457e-07	2.14710681346126e-07	0	6.68680546738774e-08	0	5.56853926122736e-11	0	2.20374178411004e-05	1.87191404074895e-08	-4.75064788073550e-05	0.000628215618090257	-7.91656744822421e-08	7.13448577287894e-08	1.05744239250890e-08	-1.35723684946719e-08	0	0	0	-9.75956815263834e-06	-1.50246138059196e-06	-3.52567892603086e-06	-1.26999967846244e-05	-0.00296791884461928	-1.45627956983703e-05	-1.89440134974228e-06	-7.96888948993159e-08	-3.40042791908293e-08	-1.35775312819187e-05	5.76365672721334e-06	-1.26813706157475e-05	-1.26683943486280e-05	-1.29762671195358e-08
0	0	0	0	0	0	0	0	0	0	0	0	0.0100000000000000	0	0	0	0	0	0	0	0	0	0	0	0	0	0	0	0	0	0	0	0	0	0	0	0	0	0	0	0	0	0	0	0	0	0	0	0	0	0	0
-7.72050337632515e-05	-3.89311930117628e-06	-1.04874436587217e-05	-3.99239420593392e-06	-2.44956667248531e-06	-2.37673765991511e-06	-0.000147520392490415	-2.12288725568620e-06	-2.81808652346802e-07	-2.37673765991511e-06	-3.51192877046335e-07	1.69632228067040e-07	0	0.0100055187287473	1.36470973636520e-06	1.55095151306740e-06	1.52614453194028e-06	3.62839362404198e-07	1.81162705080087e-07	1.18355053071818e-06	1.18355053071818e-06	1.37301925611177e-06	0	1.14784083551939e-07	0	1.14540030679916e-10	0	8.01079042198304e-10	5.38104320473368e-08	0	-8.01842436132639e-08	-3.39533951416445e-07	4.54904411932757e-07	4.61971751340103e-08	-4.14728608213668e-08	0	0	0	-3.24019362947208e-08	-2.69468633975877e-09	-3.22873903455764e-09	-3.62643434612735e-08	-3.91841499286132e-07	0	0	-3.40610170507532e-07	-3.03255472339492e-08	-5.41645888683409e-09	6.16237058279357e-09	-4.02583789066860e-08	0	-4.02583789066860e-08
-7.96625710616477e-05	-3.08088692570594e-06	-9.36822522793327e-05	-5.81230725401423e-06	-6.66272597911562e-06	-4.57588526346716e-06	-4.74610175927639e-06	-4.45592157955868e-06	-2.56875098842046e-06	-4.57588526346717e-06	-4.55688483806076e-06	2.14032871883310e-07	0	1.36470973636520e-06	0.0100028644207428	-6.22652302298746e-06	3.19771019820794e-06	1.88250329759679e-06	1.65133992112744e-06	1.21318109430314e-06	1.21318109430314e-06	2.87283218911272e-06	0	5.76153144070489e-07	0	3.28202719162347e-09	0	9.80399247190677e-10	1.11063060925787e-07	0	-1.84303708522968e-07	-6.53697894781023e-07	9.54840338476860e-07	9.61870396437552e-08	-4.01434789258476e-07	0	0	0	-6.68899365726159e-08	-5.83763729160760e-09	-6.49123678973471e-09	-1.71376691297834e-08	-5.08191140692017e-07	0	0	-6.84535849862090e-07	-2.87915056403237e-07	-8.31968043210983e-09	5.13479551284419e-08	-3.66964426917209e-07	0	-3.66964426917209e-07
-8.56206227299320e-05	-1.38049925598977e-05	-0.000125318039431455	-7.34226480742913e-06	-8.67562976107427e-06	-6.30254603373578e-06	-6.55513934269029e-06	-5.47236237922857e-06	-3.38536561776691e-06	-6.30254603373577e-06	-5.64620328063865e-06	2.82903796505586e-07	0	1.55095151306740e-06	-6.22652302298747e-06	0.0138960900055600	0.00180014273398535	2.91880916287704e-06	2.17630646856445e-06	1.34164077522535e-06	1.34164077522535e-06	3.52680448149564e-06	0	9.03331986915882e-07	0	0.000318946498178387	0	-4.41465992413289e-07	0.000598874928913855	0	-2.82159898155771e-07	-9.00363719105111e-07	1.17264908126327e-06	1.21620751631131e-07	-0.00328563335689605	0	0	0	-0.000399240588861478	-3.48036204012905e-05	-3.45093097396817e-05	-1.18597664929600e-07	-6.46748663934657e-07	0	0	-0.00299772434165306	-4.80600572979456e-07	3.90089324862620e-06	6.96044007097993e-08	-4.83623659680988e-07	0	-4.83623659680988e-07
-8.51872449927256e-05	-1.32906362498099e-05	-0.000103467110430252	-7.17524558002804e-06	-8.01395986635109e-06	-0.00280578500473001	-5.90266556364008e-06	-4.97438246584554e-06	-2.89454759196618e-06	-5.78500473001213e-06	-5.01807389785776e-06	5.72779665632349e-05	0	1.52614453194028e-06	3.19771019820794e-06	0.00180014273398535	0.0135997845405310	0.000180812782373764	1.86078059483541e-06	1.33703670463672e-06	1.33703670463672e-06	3.20668225471120e-06	0	7.93964969171310e-07	0	3.50553413660998e-09	0	0.000655866292435921	0.000598862241077180	-0.00300000000000000	-0.000138834003860036	-8.26429247144590e-07	1.06593909982404e-06	1.10423602613597e-07	-4.50347441823893e-07	0	0	0	-0.000743909910637844	-6.53855230058810e-05	-0.000102629717963162	-0.000400115803180595	-0.000145569918405408	-0.000434556044988544	-3.45560449885438e-05	-0.00299764827734389	-4.18886376833943e-07	-0.000411223017635929	0.000107194769799935	-0.000400413506798852	-0.000400000000000000	-4.13506798852313e-07
-3.57368351430486e-06	-0.000150603045985171	-0.000101193046468413	-1.24859158334158e-05	-1.20261934795581e-05	-0.000287071963677199	-1.19236913820500e-05	-2.92850559834023e-06	-2.85756366008739e-06	-9.79010141787023e-06	-4.98788931715233e-06	9.97269636673677e-06	0	3.62839362404199e-07	1.88250329759679e-06	2.91880916287704e-06	0.000180812782373764	0.0130250451131215	1.83700521005618e-06	4.56055317339660e-08	4.56055317339660e-08	1.88262090063344e-06	0	2.08267703134659e-06	0	3.51675855967405e-09	0	7.81505124003453e-05	2.25848631277977e-07	-0.000194484854651770	-1.88692382857750e-05	-1.39858591683860e-06	6.27536913930049e-07	6.54001163855425e-08	-4.45182271955625e-07	0	0	0	-3.23168891705551e-05	-3.96747850435134e-06	-1.64561254961060e-05	-4.05919225826941e-05	-2.00181120459753e-05	-0.000224439087188859	-0.00272523173624687	-1.43162940982702e-06	-1.32305123784551e-06	-0.000131249115362121	0.000566129517445776	-0.00280508400504263	-3.96116946084755e-05	-4.08223380012485e-07
-2.71281650935469e-06	-2.80298099193435e-06	-9.23141718814377e-05	-2.18925196871992e-06	-4.73743415863997e-06	-2.67521659679687e-06	-4.65715430501960e-06	-2.56890512768311e-06	-2.51773137205660e-06	-2.67521659679687e-06	-4.48240673480893e-06	5.83932020379110e-08	0	1.81162705080087e-07	1.65133992112744e-06	2.17630646856445e-06	1.86078059483540e-06	1.83700521005618e-06	0.0100016185415963	3.28974143313276e-08	3.28974143313276e-08	1.65144438863145e-06	0	5.62294894536506e-07	0	3.24330173465558e-09	0	9.36867787248710e-10	6.97805280606596e-08	0	-1.31878405188676e-07	-3.82173799542410e-07	5.50479670217809e-07	5.53727671999147e-08	-3.93735715041002e-07	0	0	0	-4.24045069418988e-08	-3.89207710352703e-09	-4.51665562835950e-09	-1.51873527305368e-08	-1.46506776849635e-07	0	0	-4.12647889904281e-07	-3.19490495824422e-07	-8.06312711623975e-09	5.00401754822219e-08	-3.59675910293800e-07	0	-3.59675910293800e-07
-7.69499088246859e-05	-2.78060195307812e-07	-1.37938361994928e-06	-3.62306065066611e-06	-1.92545132511009e-06	-1.90082817130474e-06	-8.91051184477927e-08	-1.88717243158165e-06	-5.11737556265095e-08	-1.90082817130474e-06	-7.46322425144783e-08	1.55641371148457e-07	0	1.18355053071818e-06	1.21318109430314e-06	1.34164077522535e-06	1.33703670463673e-06	4.56055317339660e-08	3.28974143313276e-08	0.0100011802848631	1.18028486311402e-06	1.22148807314947e-06	0	1.38920347177708e-08	0	3.87254569678927e-11	0	4.35529400117145e-11	4.12848090637924e-08	0	-5.24306022011256e-08	-2.71546881614963e-07	4.04394092481783e-07	4.08165024296491e-08	-7.72109411213779e-09	0	0	0	-2.44868237871329e-08	-1.94564121060813e-09	-1.97467650394927e-09	-1.95081996044106e-09	-3.61690131658864e-07	0	0	-2.71910746334158e-07	3.15551459511353e-08	-2.56789784334160e-10	1.30980919355122e-09	-7.31053651807280e-09	0	-7.31053651807280e-09
-7.69499088246859e-05	-2.78060195307812e-07	-1.37938361994928e-06	-3.62306065066611e-06	-1.92545132511009e-06	-1.90082817130474e-06	-8.91051184477927e-08	-1.88717243158165e-06	-5.11737556265095e-08	-1.90082817130474e-06	-7.46322425144783e-08	1.55641371148457e-07	0	1.18355053071818e-06	1.21318109430314e-06	1.34164077522535e-06	1.33703670463673e-06	4.56055317339660e-08	3.28974143313276e-08	1.18028486311402e-06	0.0100011802848631	1.22148807314947e-06	0	1.38920347177708e-08	0	3.87254569678927e-11	0	4.35529400117145e-11	4.12848090637924e-08	0	-5.24306022011256e-08	-2.71546881614963e-07	4.04394092481783e-07	4.08165024296491e-08	-7.72109411213779e-09	0	0	0	-2.44868237871329e-08	-1.94564121060813e-09	-1.97467650394927e-09	-1.95081996044106e-09	-3.61690131658864e-07	0	0	-2.71910746334158e-07	3.15551459511353e-08	-2.56789784334160e-10	1.30980919355122e-09	-7.31053651807280e-09	0	-7.31053651807280e-09
-8.07457354481625e-05	-3.08134415260410e-06	-9.36941689716720e-05	-5.82523966889805e-06	-6.67582089900566e-06	-4.58898018335721e-06	-4.74627471207213e-06	-4.46900605165921e-06	-2.56891349342669e-06	-4.58898018335721e-06	-4.55704734306699e-06	2.14710681346125e-07	0	1.37301925611177e-06	2.87283218911272e-06	3.52680448149564e-06	3.20668225471120e-06	1.88262090063344e-06	1.65144438863145e-06	1.22148807314947e-06	1.22148807314947e-06	0.0100028812436355	0	5.76190205383863e-07	0	3.28202719162347e-09	0	9.80377678576283e-10	1.11249930976762e-07	0	-1.84546235969578e-07	-6.55568597622458e-07	9.57644153926973e-07	9.63741036396469e-08	-4.01458004259366e-07	0	0	0	-6.70041727103979e-08	-5.84427621713727e-09	-6.49786133618813e-09	-1.71391616711429e-08	-5.10489073781382e-07	0	0	-6.86406552703524e-07	-2.87752699949595e-07	-8.31944298888091e-09	5.13500948272834e-08	-3.66987641918099e-07	0	-3.66987641918099e-07
0	0	0	0	0	0	0	0	0	0	0	0	0	0	0	0	0	0	0	0	0	0	0.0100000000000000	0	0	0	0	1.62994736318814e-08	0	0	0	0	0	0.000666666666666667	0	0	0	0	3.68640195454639e-05	2.14238230772339e-06	2.13151599196880e-06	0	0	0	0	0	0	-1.79436637797795e-07	0	0	0	0
-1.10829770928568e-06	-5.01162440142983e-05	-3.18044420109777e-05	-4.11420538594590e-06	-3.88250063603658e-06	-3.17937486525132e-06	-3.85096690099257e-06	-8.96290778839984e-07	-8.74680947056785e-07	-3.17937486525132e-06	-1.54454910468386e-06	6.68680546738774e-08	0	1.14784083551939e-07	5.76153144070488e-07	9.03331986915882e-07	7.93964969171309e-07	2.08267703134659e-06	5.62294894536505e-07	1.38920347177708e-08	1.38920347177708e-08	5.76190205383863e-07	0	0.0100895655528246	0.000666666666666667	1.10582368915078e-09	0	4.11851445838341e-09	7.25926799723445e-08	0	-1.57599700691197e-07	-4.54196409321617e-07	1.92062309751425e-07	1.95239126576149e-08	-1.36569797310392e-07	0	0	0	-4.69277313154873e-08	-3.85985106430973e-09	-6.60552736989867e-09	-3.26154869487334e-07	-1.68512985856963e-07	0	0	-4.64586738000382e-07	-4.31585377837831e-07	-3.41410225936795e-08	1.75617413723599e-08	-1.24954421008112e-07	0	-1.24954421008112e-07
0	0	0	0	0	0	0	0	0	0	0	0	0	0	0	0	0	0	0	0	0	0	0	0.000666666666666667	0.0100000000000000	0	0	0	0	0	0	0	0	0	0	0	0	0	0	0	0	0	0	0	0	0	0	0	0	0	0	0
-5.04949351805042e-09	-5.04913817091548e-09	-3.69966041622543e-07	-1.75614117411707e-10	-5.22075014909816e-09	-5.22075014909816e-09	-5.16051054937032e-09	-5.10537563141428e-09	-5.04513603168645e-09	-5.22075014909816e-09	-5.04513603168645e-09	5.56853926122736e-11	0	1.14540030679916e-10	3.28202719162347e-09	0.000318946498178387	3.50553413660998e-09	3.51675855967405e-09	3.24330173465558e-09	3.87254569678927e-11	3.87254569678927e-11	3.28202719162347e-09	0	1.10582368915078e-09	0	0.0100000000000000	0	7.03064696055670e-13	7.45023149955047e-11	0	-1.73437341852674e-10	-7.45821449871165e-10	1.09400906387449e-09	7.29897208540898e-11	-0.00100000072073372	0	0	0	-4.56321682527285e-11	-2.65195036062560e-12	-3.12066015799605e-12	-1.64820739548392e-11	-1.88786544446472e-10	0	0	-7.45821449871165e-10	-6.64226071913100e-10	-7.73985516733504e-12	6.64291640739002e-11	-7.20733718812350e-10	0	-7.20733718812350e-10
0	0	0	0	0	0	0	0	0	0	0	0	0	0	0	0	0	0	0	0	0	0	0	0	0	0	0.0100000000000000	0	0	0	0	0	0	0	0	0	0	0	0	0	0	0	0	0	0	0	0	0	0	0	0	0
-2.63743361659704e-09	-1.93832834005493e-07	-2.33204141064976e-08	-2.26087426204658e-08	-1.97345190733816e-08	-0.00102094282572838	-1.96604605994777e-08	-1.52509890907177e-09	-1.45734989127577e-09	-1.92874831569186e-08	-1.88324115880787e-09	2.20374178411004e-05	0	8.01079042198304e-10	9.80399247190677e-10	-4.41465992413289e-07	0.000655866292435921	7.81505124003453e-05	9.36867787248709e-10	4.35529400117145e-11	4.35529400117145e-11	9.80377678576284e-10	1.62994736318814e-08	4.11851445838342e-09	0	7.03064696055670e-13	0	0.0103151763455794	-1.47558952243914e-07	-0.00106199747970414	-5.19542063397774e-05	-2.75535473670266e-09	1.66387471353349e-08	2.57692662147881e-07	-2.15788013692463e-10	0	0	0	-0.000120294744926531	-1.03336317894219e-05	-4.17119423052162e-05	-0.000204552856159008	-5.44248892628039e-05	-0.000168868262509002	-1.50253867728990e-05	2.91690054606621e-07	3.89095672304513e-09	-0.000565721714673287	0.000140847159119964	-0.000154538743447351	-0.000146253906354278	-2.08192841610824e-10
-1.84150655289503e-06	-3.40319835418924e-06	-3.25785164295490e-06	-4.54310986880669e-07	-4.50358127533676e-07	-4.02986653970174e-07	-3.85468713390896e-07	-1.72768302193592e-07	-1.08547488094359e-07	-4.02986653970174e-07	-1.53678306844785e-07	1.87191404074895e-08	0	5.38104320473368e-08	1.11063060925787e-07	0.000598874928913855	0.000598862241077180	2.25848631277978e-07	6.97805280606596e-08	4.12848090637924e-08	4.12848090637924e-08	1.11249930976762e-07	0	7.25926799723446e-08	0	7.45023149955047e-11	0	-1.47558952243914e-07	0.0101995837252467	0	-2.37631131259903e-08	-5.75695219957391e-08	3.70217790414840e-08	4.74477766134429e-09	-1.62968775569178e-08	0	0	0	-0.000133055385551410	-1.15990217415239e-05	-1.15006491066946e-05	-3.28883359680831e-08	-3.64747899295481e-08	0	0	-0.000998987906235884	-4.36503423202187e-08	1.30366763668327e-06	2.69019712031465e-09	-1.55067840134799e-08	0	-1.55067840134799e-08
0	0	0	0	0	0.00466666666666667	0	0	0	0	0	-4.75064788073550e-05	0	0	0	0	-0.00300000000000000	-0.000194484854651770	0	0	0	0	0	0	0	0	0	-0.00106199747970414	0	0.0100000000000000	0.000155841889407763	0	0	0	0	0	0	0	0.000605196514058762	3.51714848354050e-05	7.65031379714950e-05	0.000666666666666667	0.000161058107919012	0.000704352173496965	3.76855068302982e-05	0	0	0.000682514022310976	-0.000117974128846650	0.000666666666666667	0.000666666666666667	0
2.45366991435533e-06	7.90596821220481e-06	5.12959685306964e-06	9.44420169546171e-07	9.27302201352457e-07	0.000550330338434400	8.44187022238757e-07	2.86702900384135e-07	2.05144185849051e-07	8.17023984427336e-07	3.10206280096470e-07	0.000628215618090257	0	-8.01842436132640e-08	-1.84303708522968e-07	-2.82159898155771e-07	-0.000138834003860036	-1.88692382857750e-05	-1.31878405188676e-07	-5.24306022011256e-08	-5.24306022011256e-08	-1.84546235969578e-07	0	-1.57599700691197e-07	0	-1.73437341852674e-10	0	-5.19542063397774e-05	-2.37631131259903e-08	0.000155841889407763	0.0118535465414995	1.16717712061048e-07	-6.14363357966004e-08	-8.04466943714489e-09	3.11448863527507e-08	0	0	0	2.52026894419608e-05	2.99992027815753e-06	6.84085661283840e-06	3.08709613800341e-05	-0.00101771655693824	3.43599236339076e-05	3.56472240873692e-06	1.18347330783002e-07	9.70217976903197e-08	3.24283447832609e-05	-1.09578636804531e-05	3.08245075374349e-05	3.07952012251707e-05	2.93063122641502e-08
1.78388448783429e-05	3.34726204973784e-05	2.15094910339738e-05	3.54792817966751e-06	3.01621182960441e-06	2.54198950379082e-06	2.58711240476122e-06	1.01689883735591e-06	5.94492577065970e-07	2.54198950379082e-06	1.04628434590357e-06	-7.91656744822421e-08	0	-3.39533951416445e-07	-6.53697894781024e-07	-9.00363719105111e-07	-8.26429247144590e-07	-1.39858591683860e-06	-3.82173799542410e-07	-2.71546881614963e-07	-2.71546881614963e-07	-6.55568597622458e-07	0	-4.54196409321617e-07	0	-7.45821449871165e-10	0	-2.75535473670266e-09	-5.75695219957391e-08	0	1.16717712061048e-07	0.0100003631413577	-2.17906893719124e-07	-2.20862756449986e-08	9.27623302318475e-08	0	0	0	3.67266706074655e-08	3.00559875634162e-09	4.84250191414340e-09	2.17870095204987e-07	1.92717575384390e-07	0	0	3.70149102296734e-07	2.80711330569413e-07	2.28177461256383e-08	-1.19988962912513e-08	8.49275110094243e-08	0	8.49275110094243e-08
-2.65542417780135e-05	-1.02701372908072e-06	-3.12311851671290e-05	-1.93743753979534e-06	-2.22096182791669e-06	-1.52534825603387e-06	-1.58208647448913e-06	-1.48535918642159e-06	-8.56301709227702e-07	-1.52534825603387e-06	-1.51901299244114e-06	7.13448577287893e-08	0	4.54904411932757e-07	9.54840338476860e-07	1.17264908126327e-06	1.06593909982404e-06	6.27536913930049e-07	5.50479670217809e-07	4.04394092481783e-07	4.04394092481783e-07	9.57644153926972e-07	0	1.92062309751425e-07	0	1.09400906387449e-09	0	1.66387471353349e-08	3.70217790414840e-08	0	-6.14363357966004e-08	-2.17906893719124e-07	0.0100003182912542	0.000667208627382617	-1.33818936384380e-07	0	0	0	3.68699177493016e-05	2.14207499509795e-06	2.13098249700772e-06	-5.71272423032595e-09	-1.69398969502833e-07	0	0	-2.28186212079479e-07	0.000667080585842783	-1.82347184904785e-07	1.71166615585910e-08	-1.22328815603958e-07	0	-1.22328815603958e-07
-1.80414107381887e-06	-1.01013808774026e-07	-2.12697036548828e-06	-1.53092588358917e-07	-2.01013636811409e-07	-1.54603929514991e-07	-1.36866274005198e-07	-1.49627752757099e-07	-8.61354156443117e-08	-1.54603929514990e-07	-1.30349959349549e-07	1.05744239250890e-08	0	4.61971751340103e-08	9.61870396437552e-08	1.21620751631132e-07	1.10423602613597e-07	6.54001163855424e-08	5.53727671999147e-08	4.08165024296491e-08	4.08165024296491e-08	9.63741036396469e-08	0.000666666666666667	1.95239126576149e-08	0	7.29897208540898e-11	0	2.57692662147881e-07	4.74477766134429e-09	0	-8.04466943714489e-09	-2.20862756449986e-08	0.000667208627382617	0.0101779180808256	-1.30789522804033e-08	0	0	0	0.000567714415889316	3.32789220993605e-05	3.31071269912620e-05	-7.10882393984464e-10	-1.97123909641764e-08	0	0	-2.27720876756920e-08	8.90161759949501e-05	-2.81268782714518e-06	2.27612613756589e-09	-1.23050593777588e-08	0	-1.23050593777588e-08
6.55876629220766e-07	6.75909413242748e-07	2.43624931794652e-05	4.88362253554632e-07	1.10760688092140e-06	6.49336311622933e-07	1.08912826830388e-06	6.24488369793773e-07	6.12477778952669e-07	6.49336311622932e-07	1.04907230400874e-06	-1.35723684946719e-08	0	-4.14728608213668e-08	-4.01434789258476e-07	-0.00328563335689605	-4.50347441823893e-07	-4.45182271955625e-07	-3.93735715041002e-07	-7.72109411213778e-09	-7.72109411213778e-09	-4.01458004259366e-07	0	-1.36569797310392e-07	0	-0.00100000072073372	0	-2.15788013692463e-10	-1.62968775569178e-08	0	3.11448863527507e-08	9.27623302318475e-08	-1.33818936384380e-07	-1.30789522804033e-08	0.0102000950656711	0	0	0	9.90675598501678e-09	8.93272084047384e-10	1.03713075984236e-09	3.54970597559427e-09	3.45591063715552e-08	0	0	9.95343503122633e-08	7.79675792598580e-08	1.87464530124560e-09	-1.18242933414831e-08	8.74968255646670e-08	0	8.74968255646670e-08
0	0	0	0	0	0	0	0	0	0	0	0	0	0	0	0	0	0	0	0	0	0	0	0	0	0	0	0	0	0	0	0	0	0	0	0.0100000000000000	0.000666666666666667	0	0	0	0	0	0	0	0	0	0	0	0	0	0	0
0	0	0	0	0	0	0	0	0	0	0	0	0	0	0	0	0	0	0	0	0	0	0	0	0	0	0	0	0	0	0	0	0	0	0	0.000666666666666667	0.0101777777777778	0.000666666666666667	0	8.88888888888889e-05	0	0	0	0	0	0	0	0	0	0	0	0
0	0	0	0	0	0	0	0	0	0	0	0	0	0	0	0	0	0	0	0	0	0	0	0	0	0	0	0	0	0	0	0	0	0	0	0	0.000666666666666667	0.0100000000000000	0	0.000666666666666667	0	0	0	0	0	0	0	0	0	0	0	0
1.12604451231928e-06	2.26134933051201e-06	2.05167606252915e-06	2.93025966597504e-07	2.86101404092615e-07	0.000536421095265408	2.47601276270213e-07	1.04053181134049e-07	6.59625663540648e-08	2.57086694252259e-07	9.36048901493331e-08	-9.75956815263835e-06	0	-3.24019362947207e-08	-6.68899365726159e-08	-0.000399240588861478	-0.000743909910637844	-3.23168891705551e-05	-4.24045069418988e-08	-2.44868237871329e-08	-2.44868237871329e-08	-6.70041727103979e-08	3.68640195454639e-05	-4.69277313154874e-08	0	-4.56321682527285e-11	0	-0.000120294744926531	-0.000133055385551410	0.000605196514058762	2.52026894419608e-05	3.67266706074655e-08	3.68699177493016e-05	0.000567714415889316	9.90675598501679e-09	0	0	0	0.0103880924190582	0.000614789202784050	0.000618390841034429	7.66167202977534e-05	2.62941156656266e-05	8.28309390753546e-05	6.23608070804665e-06	0.000665990246557184	7.41260395247418e-06	2.74592170351450e-05	-1.93786259337361e-05	7.66042815910729e-05	-0.000845457430751260	9.42322376486641e-09
6.81389513678133e-08	1.34117476231762e-07	1.62859446958546e-07	2.09069568971172e-08	2.27254046208857e-08	4.75940037337314e-05	1.96750524449741e-08	9.08089515532136e-09	6.05434216104205e-09	2.10391912943914e-08	7.66079816268094e-09	-1.50246138059196e-06	0	-2.69468633975877e-09	-5.83763729160760e-09	-3.48036204012905e-05	-6.53855230058810e-05	-3.96747850435134e-06	-3.89207710352703e-09	-1.94564121060812e-09	-1.94564121060812e-09	-5.84427621713727e-09	2.14238230772339e-06	-3.85985106430973e-09	0	-2.65195036062560e-12	0	-1.03336317894219e-05	-1.15990217415239e-05	3.51714848354050e-05	2.99992027815754e-06	3.00559875634163e-09	2.14207499509795e-06	3.32789220993605e-05	8.93272084047384e-10	0	8.88888888888889e-05	0.000666666666666667	0.000614789202784050	0.0101603468322854	7.15508934643540e-05	6.79784611979658e-06	3.17080567740376e-06	7.56321319326816e-06	7.67075401491439e-07	3.87054329618807e-05	5.74458768826380e-07	-1.92149904339281e-06	-2.35966691162214e-06	6.79700269779973e-06	-4.67896766516875e-05	8.64906023006007e-10
6.98972404455446e-08	2.63339365568757e-07	1.78406389696211e-07	3.59794519774278e-08	3.58817506698067e-08	0.000106000331997093	3.27820261779593e-08	1.00976277613692e-08	7.02590875522589e-09	3.38975133990038e-08	8.91629226855285e-09	-3.52567892603086e-06	0	-3.22873903455764e-09	-6.49123678973471e-09	-3.45093097396817e-05	-0.000102629717963162	-1.64561254961060e-05	-4.51665562835951e-09	-1.97467650394927e-09	-1.97467650394927e-09	-6.49786133618813e-09	2.13151599196880e-06	-6.60552736989867e-09	0	-3.12066015799605e-12	0	-4.17119423052162e-05	-1.15006491066946e-05	7.65031379714950e-05	6.84085661283841e-06	4.84250191414340e-09	2.13098249700773e-06	3.31071269912619e-05	1.03713075984236e-09	0	0	0	0.000618390841034430	7.15508934643540e-05	0.0100622921039624	5.42775280035797e-05	7.24244360213727e-06	2.35740448684817e-05	3.10487880819214e-06	3.85109729254763e-05	5.71864797677683e-07	-7.91346384304288e-05	-7.24499176085096e-05	2.09339427738116e-05	-3.81759613043912e-05	1.00370125074656e-09
1.36017026333852e-07	3.27879446779912e-05	6.88700922554523e-07	2.25630315313728e-06	1.53557061099328e-06	0.000623747312888657	1.53238808843513e-06	2.66593797415211e-08	2.36247709141683e-08	1.52509066643491e-06	3.36090176094803e-08	-1.26999967846244e-05	0	-3.62643434612735e-08	-1.71376691297834e-08	-1.18597664929600e-07	-0.000400115803180595	-4.05919225826941e-05	-1.51873527305368e-08	-1.95081996044106e-09	-1.95081996044106e-09	-1.71391616711428e-08	0	-3.26154869487333e-07	0	-1.64820739548392e-11	0	-0.000204552856159008	-3.28883359680831e-08	0.000666666666666667	3.08709613800340e-05	2.17870095204987e-07	-5.71272423032595e-09	-7.10882393984464e-10	3.54970597559428e-09	0	0	0	7.66167202977535e-05	6.79784611979659e-06	5.42775280035797e-05	0.0100891029505013	3.22914065128516e-05	9.65680099974542e-05	7.67912110856528e-06	2.18024960910414e-07	2.16725697264238e-07	0.000738529180148245	-2.38084431716741e-05	8.88922638561624e-05	8.88888888888889e-05	3.37496727345262e-09
2.15075411147254e-05	8.24624612986919e-06	5.65279527650703e-06	1.90185751565759e-06	1.46906086544021e-06	0.000571954891083620	9.04737560074201e-07	7.90528524346555e-07	2.27899430654988e-07	1.34902302769073e-06	3.42259518934755e-07	-0.00296791884461928	0	-3.91841499286132e-07	-5.08191140692018e-07	-6.46748663934657e-07	-0.000145569918405408	-2.00181120459753e-05	-1.46506776849635e-07	-3.61690131658864e-07	-3.61690131658864e-07	-5.10489073781383e-07	0	-1.68512985856963e-07	0	-1.88786544446472e-10	0	-5.44248892628039e-05	-3.64747899295481e-08	0.000161058107919012	-0.00101771655693824	1.92717575384390e-07	-1.69398969502833e-07	-1.97123909641764e-08	3.45591063715552e-08	0	0	0	2.62941156656266e-05	3.17080567740376e-06	7.24244360213727e-06	3.22914065128516e-05	0.0100395524400488	3.59925355184189e-05	3.78091393461642e-06	1.94491415342940e-07	9.26295996071324e-08	3.39491213132613e-05	-1.16152249630427e-05	3.22441786453246e-05	3.22116215838024e-05	3.25570615221412e-08
0	0	0	0	0	0.000675976069982179	0	0	0	0	0	-1.45627956983703e-05	0	0	0	0	-0.000434556044988544	-0.000224439087188859	0	0	0	0	0	0	0	0	0	-0.000168868262509002	0	0.000704352173496965	3.43599236339076e-05	0	0	0	0	0	0	0	8.28309390753546e-05	7.56321319326816e-06	2.35740448684817e-05	9.65680099974542e-05	3.59925355184189e-05	0.0113034705227004	0.000641619910248475	0	0	0.000204741856639671	-0.000976161509415129	9.65680099974542e-05	9.65680099974542e-05	0
0	0	0	0	0	5.37538477599569e-05	0	0	0	0	0	-1.89440134974228e-06	0	0	0	0	-3.45560449885438e-05	-0.00272523173624687	0	0	0	0	0	0	0	0	0	-1.50253867728990e-05	0	3.76855068302982e-05	3.56472240873692e-06	0	0	0	0	0	0	0	6.23608070804665e-06	7.67075401491439e-07	3.10487880819214e-06	7.67912110856528e-06	3.78091393461642e-06	0.000641619910248475	0.0100686581866854	0	0	2.44586088150242e-05	-0.000104429750350332	7.67912110856528e-06	7.67912110856528e-06	0
1.78862899618843e-05	3.35200622420751e-05	2.49856950709771e-05	3.54957825139091e-06	3.06526604189072e-06	2.59104371607714e-06	2.63560060526212e-06	1.06486898970424e-06	6.41896717628881e-07	2.59104371607714e-06	1.09368848646648e-06	-7.96888948993159e-08	0	-3.40610170507532e-07	-6.84535849862090e-07	-0.00299772434165306	-0.00299764827734389	-1.43162940982702e-06	-4.12647889904281e-07	-2.71910746334157e-07	-2.71910746334157e-07	-6.86406552703524e-07	0	-4.64586738000382e-07	0	-7.45821449871165e-10	0	2.91690054606621e-07	-0.000998987906235884	0	1.18347330783002e-07	3.70149102296734e-07	-2.28186212079479e-07	-2.27720876756920e-08	9.95343503122634e-08	0	0	0	0.000665990246557184	3.87054329618807e-05	3.85109729254763e-05	2.18024960910414e-07	1.94491415342940e-07	0	0	0.0100003771568469	2.86952404324562e-07	-3.21865467567202e-06	-1.26230652752902e-08	9.16995310898402e-08	0	9.16995310898402e-08
-1.06527593429509e-06	3.33098155340915e-05	1.90759909751635e-05	2.58971100227168e-06	2.38732012054631e-06	1.96497931398589e-06	2.43044499332318e-06	4.47899433136224e-07	4.96985215726878e-07	1.96497931398589e-06	8.99349443773027e-07	-3.40042791908293e-08	0	-3.03255472339492e-08	-2.87915056403237e-07	-4.80600572979456e-07	-4.18886376833943e-07	-1.32305123784551e-06	-3.19490495824422e-07	3.15551459511353e-08	3.15551459511353e-08	-2.87752699949595e-07	0	-4.31585377837831e-07	0	-6.64226071913100e-10	0	3.89095672304513e-09	-4.36503423202187e-08	0	9.70217976903197e-08	2.80711330569413e-07	0.000667080585842783	8.90161759949501e-05	7.79675792598580e-08	0	0	0	7.41260395247418e-06	5.74458768826380e-07	5.71864797677683e-07	2.16725697264238e-07	9.26295996071324e-08	0	0	2.86952404324562e-07	0.0100893038995802	-3.80794931173359e-08	-9.43170144400736e-09	7.09978879609826e-08	0	7.09978879609826e-08
1.98605692997107e-08	2.12468184325681e-06	2.42670307906502e-07	1.99788039983407e-07	1.64645524243954e-07	0.000645910814090335	1.64176614317930e-07	1.29420929564483e-08	1.25426421808174e-08	1.59724222879468e-07	1.72311676411688e-08	-1.35775312819187e-05	0	-5.41645888683409e-09	-8.31968043210983e-09	3.90089324862620e-06	-0.000411223017635929	-0.000131249115362121	-8.06312711623975e-09	-2.56789784334160e-10	-2.56789784334160e-10	-8.31944298888092e-09	-1.79436637797795e-07	-3.41410225936795e-08	0	-7.73985516733504e-12	0	-0.000565721714673286	1.30366763668327e-06	0.000682514022310976	3.24283447832610e-05	2.28177461256383e-08	-1.82347184904786e-07	-2.81268782714518e-06	1.87464530124560e-09	0	0	0	2.74592170351450e-05	-1.92149904339281e-06	-7.91346384304288e-05	0.000738529180148245	3.39491213132613e-05	0.000204741856639671	2.44586088150242e-05	-3.21865467567202e-06	-3.80794931173359e-08	0.0117622028395409	-0.00111467281609945	0.000187943373136044	9.67382707916751e-05	1.79180602583106e-09
